1053.8
1 1 78.8095 96 1 99 93 61 17 84 5 83 60 6
1 2 65.7753 98 1 42 43 14 100 85 37
1 3 54.6766 97 1 2 57 15 41 22 75 72 73
1 4 73.6772 99 1 74 23 67 39 56
1 5 35.0963 99 1 95 96 59 92 97 87
1 6 86.2038 95 1 26 12 54 24 55 25 4 21
1 7 80.5206 99 1 98 91 16 86 38 44
1 8 39.5411 91 1 40 58 53 94 13
2 1 97.0112 99 2 70 51 71 65 35 34 78 33 50
2 2 113.831 99 2 90 63 64 49 36 46 45 8 82
2 3 65.0298 97 2 7 48 47 19 11
2 4 67.265 97 2 3 29 80 68 77 76 69
2 5 61.0687 95 2 31 52 18 89 27 28
2 6 75.7051 99 2 20 66 9 81 79
2 7 59.588 98 2 1 30 32 10 62 88
