919.532
1 1 61.8674 94 1 8 46 36 47 48 82
1 2 57.4861 100 1 98 100 91 44 86 16
1 3 34.6052 99 1 60 96 99 93 85 61
1 4 58.5468 92 1 83 45 17 84 5 6 89 18
2 1 61.3641 91 2 24 29 34 78 81 79 3
2 2 79.7281 99 2 56 23 67 39 25 55
2 3 22.5787 69 2 76 77 68 80
2 4 41.7573 73 2 54 4 26 12
3 1 76.393 96 3 87 42 14 38 43 15 57 2
3 2 46.223 94 3 21 73 72 74 75 22 41
3 3 38.7277 97 3 97 92 37 59 95 94
3 4 32.0321 64 3 13 58 53 40
4 1 69.618 100 4 10 32 30 51 33 50 69
4 2 89.8629 100 4 90 63 64 49 19 11 62
4 3 89.7104 98 4 9 35 71 65 66 20 70
4 4 59.0312 92 4 31 88 7 52 27 28 1
