4079.25
1 1 146.29 492 1 22 200 63 180 216 46 91 93 187 143
1 2 215.129 500 1 23 144 192 184 218 119 239 35 156 152
1 3 271.83 467 1 29 158 134 159 147 127 40 17 24 51
1 4 188.507 499 1 222 165 37 116 126 104 25 246 208 199 44 236 111
1 5 137.956 480 1 174 14 107 212 45 161 179 128 48
1 6 172.212 494 1 85 6 243 16 84 52 219 75 162 59
1 7 195.712 485 1 67 201 78 32 226 136 176 233 102 15
1 8 226.521 496 1 77 88 247 151 86 149 94 245 50 120
1 9 91.7094 418 1 196 98 240 117 92
1 10 101.51 456 1 178 210 41 110 60 20 109 227
1 11 111.877 335 1 105 97 132 171 181 169
2 1 84.7116 493 2 2 183 36 220 150 58 230
2 2 129.806 475 2 13 167 89 248 121 106 189 153 9 26 148
2 3 127.251 494 2 163 69 177 237 62 249 122 43 223 225 11 193
2 4 195.361 484 2 195 27 173 54 30 137 228 53 65 206 83 217
2 5 200.257 488 2 56 66 175 55 47 168 103 113 80 194 197 42 238
2 6 113.228 496 2 101 203 57 131 10 214 64 125
2 7 149.028 454 2 82 157 224 96 73 198 204
2 8 185.747 490 2 235 241 242 38 39 146 135 3 118 123 190
2 9 25.3103 174 2 114 170
3 1 172.666 478 3 99 232 142 68 231 202 139 1 229 71 31 205 234
3 2 197.264 499 3 72 166 207 18 124 12 49 130 129 221
3 3 239.997 497 3 213 112 8 215 74 141 7 160 164 140 172 186 209
3 4 134.964 466 3 185 19 79 191 5 133 61 90 211 33
3 5 185.499 497 3 81 4 188 95 28 182 34 87 154 76 155 70
3 6 78.9035 499 3 108 244 115 145 100 21 138
