3833.78
1 1 164.487 480 1 179 161 187 93 46 216 63 200 199 44 37
1 2 115.307 494 1 92 178 109 20 227 29 105 85
1 3 187.699 475 1 132 97 51 134 159 158 60 110 41 210
1 4 205.19 464 1 107 212 247 86 88 77 91 45 14
1 5 92.2317 458 1 111 236 23 120 22 128 143 174 48 196
1 6 157.397 495 1 171 59 181 169 243 16 6 165 222
1 7 60.5173 230 1 117 240 98
2 1 208.427 479 2 203 148 26 9 153 189 106 121 248 89 167 13 238
2 2 87.2397 500 2 242 38 223 43 157 82 11 225
2 3 145.687 493 2 39 102 15 219 52 162 75 226 136 176 233
2 4 202.903 481 2 47 55 17 24 40 127 147 201 67 32 78
2 5 108.643 472 2 42 197 80 194 113 103 168 175 66 56
2 6 138.394 498 2 193 101 114 125 64 163 224 235 241
2 7 151.173 490 2 122 146 84 135 3 118 123 190 69 177 237 62 249
2 8 63.8151 316 2 214 57 131 10
3 1 103.668 443 3 191 19 185 72 79 5 133 12 124
3 2 144.642 500 3 18 30 207 166 213 8 112 96 73 198 204 54
3 3 144.901 491 3 83 183 150 58 230 170 2 195 27 173
3 4 201.661 496 3 49 61 90 211 205 31 71 221 129 130 53 228
3 5 127.112 493 3 137 217 36 220 206 65
4 1 245.666 484 4 33 234 142 68 231 229 1 139 202 232 70 99 115
4 2 190.511 498 4 164 140 172 74 104 215 126 116 141 25 246 7 160
4 3 104.305 482 4 81 186 21 138 209 145 100 4
4 4 121.528 499 4 95 182 35 239 218 184 144 156 28
4 5 237.537 496 4 192 119 149 151 94 245 50 180 152 208
4 6 123.136 399 4 188 34 87 154 76 155 108 244
