3833.21
1 1 125.852 484 1 210 41 110 60 158 109 20 227 29 105
1 2 152.218 488 1 97 132 171 169 243 16 6 165 222
1 3 117.993 493 1 143 14 107 98 240 117 178 92
1 4 195.724 478 1 85 37 44 199 200 179 45 212 128 174
1 5 64.0791 310 1 111 236 22 120 23 48 196
2 1 165.633 496 2 10 238 131 57 203 214 11 235 241 225 242
2 2 112.213 499 2 17 55 47 168 103 113 194 42 197 80 66 175
2 3 169.176 496 2 24 40 127 147 159 134 51 67 201 32
2 4 176.177 498 2 78 59 75 162 181 52 84 122 43 223 38
2 5 132.331 407 2 226 136 176 233 219 15 102 39 56
3 1 121.216 364 3 34 95 182 28 160 156
3 2 137.239 493 3 119 149 86 94 151 247 88 245
3 3 142.917 489 3 152 180 63 216 46 161 187 93 91 77 50 144
3 4 251.036 499 3 208 25 246 7 164 140 186 4 154 76 87 188
3 5 47.1013 322 3 35 239 218 184 192
4 1 166.994 500 4 96 123 118 3 135 146 62 249 157 82
4 2 126.313 491 4 125 64 193 101 114 148 230 170 2 27
4 3 140.404 483 4 204 112 8 190 69 177 237 224 163
4 4 199.638 488 4 195 26 9 153 13 167 89 248 121 106 189
4 5 95.9342 492 4 217 58 183 150 220 36 83
4 6 145.378 472 4 173 206 65 53 228 137 54 198 73
5 1 167.269 467 5 19 185 74 104 141 126 116 215 213 166 207
5 2 146.74 469 5 72 172 81 115 145 100 21 138
5 3 101.212 452 5 191 30 18 5 133 12 49 61 90 211 79
5 4 186.219 482 5 124 130 129 221 205 31 68 142 234 33
5 5 246.205 494 5 209 99 70 244 108 155 232 231 202 139 1 229 71
