2750.58
1 1 170.711 54 1 1 9 17 25 33 36 28 20 12 4
1 2 210.711 58 1 8 16 24 32 40 75 113 158 156 37 29 21 13 5
1 3 181.701 55 1 6 14 22 30 38 73 39 31 23 15 7
1 4 188.929 55 1 3 11 19 27 153 35 34 26 18 10 2
2 1 170.711 54 2 44 52 60 68 76 78 70 62 54 46
2 2 188.929 55 2 47 55 63 71 79 80 118 72 64 56 48
2 3 267.315 58 2 49 57 65 74 66 58 50 51 59 67 77 69 61 53
2 4 54.1421 48 2 41 42 43 45
3 1 147.8 53 3 84 92 100 108 116 105 97 89 81
3 2 228.482 57 3 95 103 111 119 120 112 104 96 117 109 101 93 85
3 3 130.711 50 3 88 87 110 102 94 86
3 4 181.701 55 3 83 91 99 107 115 160 114 106 98 90 82
4 1 267.315 58 4 134 142 150 159 151 143 135 136 144 152 157 149 141 133
4 2 136.569 52 4 121 129 137 145 148 140 132 124
4 3 170.711 54 4 122 130 138 146 154 155 147 139 131 123
4 4 54.1421 48 4 126 127 128 125
