2665.78
1 1 147.8 53 1 8 16 24 32 37 29 21 13 5
1 2 170.711 54 1 1 9 17 25 33 36 28 20 12 4
1 3 181.701 55 1 7 15 23 31 39 73 38 30 22 14 6
1 4 147.8 53 1 3 11 19 27 34 26 18 10 2
2 1 170.711 54 2 46 54 62 70 78 79 71 63 55 47
2 2 170.711 54 2 43 51 59 67 75 74 66 58 50 42
2 3 190.711 56 2 48 56 64 72 80 118 116 77 69 61 53 45
2 4 147.8 53 2 41 49 57 65 76 68 60 52 44
3 1 170.711 54 3 88 96 104 112 120 119 111 103 95 87
3 2 136.569 52 3 86 94 102 110 108 100 92 84
3 3 136.569 52 3 81 89 97 105 106 98 90 82
3 4 147.8 53 3 83 91 99 107 117 109 101 93 85
4 1 188.929 55 4 121 129 137 145 35 153 154 146 138 130 122
4 2 190.711 56 4 128 136 144 152 160 115 114 159 151 143 135 127
4 3 170.711 54 4 123 131 139 147 155 157 149 141 133 125
4 4 195.843 56 4 126 134 142 150 158 113 40 156 148 140 132 124
