2725.8
1 1 170.711 54 1 6 14 22 30 38 36 28 20 12 4
1 2 170.711 54 1 8 16 24 32 40 39 31 23 15 7
1 3 170.711 54 1 3 11 19 27 35 37 29 21 13 5
1 4 170.711 54 1 1 9 17 25 33 34 26 18 10 2
2 1 170.711 54 2 43 51 59 67 75 77 69 61 53 45
2 2 170.711 54 2 46 54 62 70 78 76 68 60 52 44
2 3 170.711 54 2 48 56 64 72 80 79 71 63 55 47
2 4 170.711 54 2 41 49 57 65 73 74 66 58 50 42
3 1 161.29 54 3 81 89 97 105 159 114 106 98 90 82
3 2 170.711 54 3 83 91 99 107 115 117 109 101 93 85
3 3 170.711 54 3 86 94 102 110 118 116 108 100 92 84
3 4 170.711 54 3 88 96 104 112 120 119 111 103 95 87
4 1 170.711 54 4 121 129 137 145 153 156 148 140 132 124
4 2 174.562 54 4 126 134 142 150 158 113 151 143 135 127
4 3 170.711 54 4 128 136 144 152 160 157 149 141 133 125
4 4 170.711 54 4 123 131 139 147 155 154 146 138 130 122
