4160.74
1 1 289.985 59 1 14 22 30 38 73 39 31 23 15 16 24 32 29 21 13
1 2 147.8 53 1 2 10 18 26 34 27 19 11 3
1 3 170.711 54 1 1 9 17 25 33 36 28 20 12 4
1 4 54.1421 48 1 6 7 8 5
2 1 181.701 55 2 43 51 59 67 75 40 74 66 58 50 42
2 2 190.711 56 2 45 53 61 69 77 116 118 80 72 64 56 48
2 3 290.226 59 2 49 57 65 76 68 60 52 54 62 70 78 79 71 63 55
2 4 54.1421 48 2 41 44 46 47
3 1 256.084 57 3 90 98 106 114 105 97 89 92 100 108 110 102 94
3 2 170.711 54 3 88 96 104 112 120 119 111 103 95 87
3 3 170.711 54 3 85 93 101 109 117 115 107 99 91 83
3 4 54.1421 48 3 86 84 81 82
4 1 181.701 55 4 126 134 142 150 158 113 159 151 143 135 127
4 2 161.29 54 4 121 129 137 145 37 156 148 140 132 124
4 3 181.701 55 4 123 131 139 147 155 200 154 146 138 130 122
4 4 170.711 54 4 128 136 144 152 160 157 149 141 133 125
5 1 181.701 55 5 164 172 180 188 196 235 193 185 177 169 161
5 2 281.216 59 5 166 174 182 190 198 240 35 153 199 191 183 192 184 176 175
5 3 228.482 57 5 173 181 189 197 171 179 187 195 194 186 178 170 162
5 4 54.1421 48 5 163 165 168 167
6 1 290.226 59 6 213 221 229 237 227 219 211 210 218 226 234 233 225 217 209
6 2 290.226 59 6 212 220 228 236 238 230 222 214 215 223 231 239 232 224 216
6 3 68.2843 60 6 201 202 203 205 208
6 4 40 36 6 207 206 204
