5983.32
1 1 181.701 55 1 3 11 19 27 35 153 37 29 21 13 5
1 2 147.8 53 1 6 14 22 30 36 28 20 12 4
1 3 170.711 54 1 1 9 17 25 33 34 26 18 10 2
1 4 147.8 53 1 8 16 24 32 39 31 23 15 7
2 1 181.701 55 2 46 54 62 70 78 360 76 68 60 52 44
2 2 147.8 53 2 48 56 64 72 79 71 63 55 47
2 3 147.8 53 2 43 51 59 67 77 69 61 53 45
2 4 147.8 53 2 42 50 58 66 74 65 57 49 41
3 1 170.711 54 3 82 90 98 106 114 113 105 97 89 81
3 2 170.711 54 3 88 96 104 112 120 119 111 103 95 87
3 3 181.701 55 3 86 94 102 110 118 80 116 108 100 92 84
3 4 128.482 51 3 83 91 99 117 109 101 93 85
4 1 195.843 56 4 126 134 142 150 158 75 40 156 148 140 132 124
4 2 189.574 57 4 128 136 144 152 160 115 107 159 151 143 135 127
4 3 147.8 53 4 123 131 139 147 157 149 141 133 125
4 4 136.569 52 4 122 130 138 146 145 137 129 121
5 1 170.711 54 5 163 171 179 187 195 197 189 181 173 165
5 2 188.929 55 5 161 169 177 185 235 193 194 186 178 170 162
5 3 190.711 56 5 168 176 184 192 200 155 154 199 191 183 175 167
5 4 181.701 55 5 166 174 182 190 198 237 196 188 180 172 164
6 1 147.8 53 6 202 210 218 226 234 225 217 209 201
6 2 170.711 54 6 208 216 224 232 240 239 231 223 215 207
6 3 190.711 56 6 206 214 222 230 238 280 277 236 228 220 212 204
6 4 136.569 52 6 203 211 219 227 229 221 213 205
7 1 147.8 53 7 247 255 263 271 279 270 262 254 246
7 2 136.569 52 7 248 256 264 272 269 261 253 245
7 3 170.711 54 7 241 249 257 265 273 276 268 260 252 244
7 4 188.929 55 7 243 251 259 267 233 275 274 266 258 250 242
8 1 181.701 55 8 281 289 297 305 313 278 314 306 298 290 282
8 2 147.8 53 8 286 294 302 310 316 308 300 292 284
8 3 170.711 54 8 288 296 304 312 320 319 311 303 295 287
8 4 170.711 54 8 283 291 299 307 315 317 309 301 293 285
9 1 147.8 53 9 328 336 344 352 359 351 343 335 327
9 2 195.843 56 9 323 331 339 347 355 38 73 357 349 341 333 325
9 3 170.711 54 9 326 334 342 350 358 356 348 340 332 324
9 4 181.701 55 9 321 329 337 345 353 318 354 346 338 330 322
