6314.47
1 1 161.29 54 1 2 10 18 26 34 239 25 17 9 1
1 2 175.475 30 1 3 11 19 27 35 153 145
1 3 179.919 54 1 5 13 21 29 37 158 32 24 16 8
1 4 179.919 54 1 6 14 22 30 320 36 28 20 12 4
1 5 100 27 1 15 39 31 23 7
2 1 179.919 54 2 48 56 64 72 118 77 69 61 53 45
2 2 170.711 54 2 46 54 62 70 78 79 71 63 55 47
2 3 170.711 54 2 43 51 59 67 75 74 66 58 50 42
2 4 179.919 54 2 41 49 57 65 355 76 68 60 52 44
3 1 170.711 54 3 88 96 104 112 120 119 111 103 95 87
3 2 170.711 54 3 83 91 99 107 115 117 109 101 93 85
3 3 170.711 54 3 81 89 97 105 113 114 106 98 90 82
3 4 179.919 54 3 86 94 102 110 80 116 108 100 92 84
4 1 177.866 51 4 121 129 137 157 149 141 133 125
4 2 170.711 54 4 128 136 144 152 160 159 151 143 135 127
4 3 174.562 54 4 123 131 139 147 155 200 146 138 130 122
4 4 179.919 54 4 126 134 142 150 40 156 148 140 132 124
5 1 174.562 54 5 166 174 182 190 198 240 188 180 172 164
5 2 170.711 54 5 163 171 179 187 195 197 189 181 173 165
5 3 161.29 54 5 168 176 184 192 154 199 191 183 175 167
5 4 170.711 54 5 161 169 177 185 193 194 186 178 170 162
6 1 170.711 54 6 201 209 217 225 233 236 228 220 212 204
6 2 161.29 54 6 208 216 224 232 196 237 229 221 213 205
6 3 174.562 54 6 206 214 222 230 238 33 231 223 215 207
6 4 170.711 54 6 203 211 219 227 235 234 226 218 210 202
7 1 170.711 54 7 241 249 257 265 273 274 266 258 250 242
7 2 170.711 54 7 248 256 264 272 280 279 271 263 255 247
7 3 170.711 54 7 246 254 262 270 278 276 268 260 252 244
7 4 170.711 54 7 243 251 259 267 275 277 269 261 253 245
8 1 170.711 54 8 286 294 302 310 318 319 311 303 295 287
8 2 170.711 54 8 283 291 299 307 315 314 306 298 290 282
8 3 179.919 54 8 288 296 304 312 38 317 309 301 293 285
8 4 170.711 54 8 281 289 297 305 313 316 308 300 292 284
9 1 170.711 54 9 326 334 342 350 358 356 348 340 332 324
9 2 170.711 54 9 328 336 344 352 360 359 351 343 335 327
9 3 179.919 54 9 323 331 339 347 73 357 349 341 333 325
9 4 170.711 54 9 321 329 337 345 353 354 346 338 330 322
