910.041
1 1 48.4591 90 1 91 44 14 38 86
1 2 32.4941 97 1 16 61 5 93 100
1 3 69.0828 96 1 42 43 15 57 2 13 94 92 98
1 4 72.0611 89 1 99 96 6 89 18 60 83 45 17 84
1 5 31.7 94 1 37 87 97 95 59
1 6 4.47214 41 1 85
2 1 67.8502 99 2 54 80 68 29 24 55 25 4
2 2 51.4265 88 2 21 40 58 53 26 12
2 3 37.0327 83 2 73 74 22 41 75 72
2 4 50.5299 91 2 39 67 23 56
3 1 109.335 100 3 90 63 11 64 49 36 46 8 82 7
3 2 55.1783 99 3 70 30 20 66 32 10
3 3 94.7122 96 3 71 65 35 34 78 79 3
3 4 69.3725 100 3 1 50 77 76 28 27 52 88
3 5 59.0441 96 3 51 9 81 33 69 31
3 6 57.2903 99 3 48 47 19 62
