4591.53
1 1 156.787 480 1 146 84 135 123 118 3 215 213 112 8 190
1 2 191.576 488 1 148 26 9 153 189 106 121 248 89 167 13 193
1 3 189.985 496 1 11 238 10 42 197 80 194 113 103 168 66 56
1 4 175.871 498 1 39 176 136 226 59 162 75 219 102
1 5 302.438 500 1 72 234 68 231 229 31 205 221 129 130 49 124
1 6 142.902 439 1 96 166 207 73 198 173 27 195 125 64
1 7 131.761 499 1 114 230 58 183 150 220 36
1 8 288.801 498 1 122 233 32 78 201 147 127 40 24 17 55 47 175
1 9 133.351 487 1 2 170 101 203 57 131 214 241 235
1 10 188.628 495 1 204 30 191 5 133 12 61 90 211 79 19 185
1 11 173.292 462 1 54 18 137 228 53 65 206 83 217
1 12 107.121 475 1 157 43 223 38 242 225 82
1 13 52.7428 386 1 69 177 237 62 249 224 163
2 1 179.22 485 2 37 6 116 126 141 104 74 140 164 160 246 208
2 2 249.991 500 2 7 172 21 138 33 244 108 155 76 154 188
2 3 282.976 498 2 20 109 110 60 158 159 134 51 67 165
2 4 194.28 499 2 46 77 50 88 247 149 86 151 94 245
2 5 139.094 492 2 156 35 239 119 218 184 192 144 152
2 6 303.354 490 2 81 209 142 71 1 139 202 232 70 99 115 4
2 7 199.171 495 2 199 44 105 132 97 29 227 41 210 178 92
2 8 176.809 500 2 143 14 98 117 240 107 212 45 161
2 9 190.811 498 2 28 182 95 34 87 145 100 186
2 10 119.321 490 2 22 120 111 236 23 196 174 48 128 179 200
2 11 139.413 464 2 63 216 93 187 91 180 25
2 12 181.838 492 2 222 85 169 171 181 15 52 243 16
