3994.97
1 1 147.8 53 1 1 9 17 25 34 26 18 10 2
1 2 147.8 53 1 6 14 22 30 36 28 20 12 4
1 3 195.843 56 1 7 15 23 31 39 75 158 40 32 24 16 8
1 4 170.711 54 1 3 11 19 27 35 37 29 21 13 5
2 1 170.711 54 2 46 54 62 70 78 76 68 60 52 44
2 2 147.8 53 2 48 56 64 72 79 71 63 55 47
2 3 147.8 53 2 43 51 59 67 77 69 61 53 45
2 4 181.701 55 2 41 49 57 65 73 38 74 66 58 50 42
3 1 170.711 54 3 87 95 103 111 119 120 112 104 96 88
3 2 147.8 53 3 83 91 99 107 117 109 101 93 85
3 3 161.701 53 3 81 89 97 105 113 106 98 90 82
3 4 181.701 55 3 86 94 102 110 118 80 116 108 100 92 84
4 1 128.482 51 4 123 131 139 157 149 141 133 125
4 2 181.701 55 4 121 129 137 145 153 199 154 146 138 130 122
4 3 147.8 53 4 126 134 142 150 156 148 140 132 124
4 4 190.711 56 4 128 136 144 152 160 115 114 159 151 143 135 127
5 1 181.701 55 5 166 174 182 190 198 240 196 188 180 172 164
5 2 170.711 54 5 163 171 179 187 195 197 189 181 173 165
5 3 188.929 55 5 161 169 177 185 235 193 194 186 178 170 162
5 4 184.853 56 5 167 175 183 191 147 155 200 192 184 176 168
6 1 147.8 53 6 203 211 219 227 234 226 218 210 202
6 2 147.8 53 6 208 216 224 232 237 229 221 213 205
6 3 170.711 54 6 201 209 217 225 233 236 228 220 212 204
6 4 181.701 55 6 206 214 222 230 238 33 239 231 223 215 207
