4162.25
1 1 170.711 54 1 1 9 17 25 33 34 26 18 10 2
1 2 170.711 54 1 3 11 19 27 35 37 29 21 13 5
1 3 170.711 54 1 8 16 24 32 40 39 31 23 15 7
1 4 170.711 54 1 6 14 22 30 38 36 28 20 12 4
2 1 170.711 54 2 46 54 62 70 78 76 68 60 52 44
2 2 170.711 54 2 41 49 57 65 73 74 66 58 50 42
2 3 170.711 54 2 43 51 59 67 75 77 69 61 53 45
2 4 170.711 54 2 48 56 64 72 80 79 71 63 55 47
3 1 170.711 54 3 88 96 104 112 120 119 111 103 95 87
3 2 147.8 53 3 81 89 97 105 114 106 98 90 82
3 3 170.711 54 3 83 91 99 107 115 117 109 101 93 85
3 4 170.711 54 3 86 94 102 110 118 116 108 100 92 84
4 1 170.711 54 4 125 133 141 149 157 155 147 139 131 123
4 2 170.711 54 4 127 135 143 151 159 160 152 144 136 128
4 3 170.711 54 4 124 132 140 148 156 153 145 137 129 121
4 4 158.813 28 4 126 134 142 150 158 113
4 5 100 27 4 122 130 146 154 138
5 1 170.711 54 5 163 171 179 187 195 197 189 181 173 165
5 2 170.711 54 5 168 176 184 192 200 199 191 183 175 167
5 3 170.711 54 5 161 169 177 185 193 194 186 178 170 162
5 4 170.711 54 5 166 174 182 190 198 196 188 180 172 164
6 1 170.711 54 6 203 211 219 227 235 237 229 221 213 205
6 2 170.711 54 6 208 216 224 232 240 239 231 223 215 207
6 3 170.711 54 6 201 209 217 225 233 234 226 218 210 202
6 4 170.711 54 6 206 214 222 230 238 236 228 220 212 204
