6301.96
1 1 203.716 58 1 4 12 20 28 36 312 320 355 38 30 22 14 6
1 2 290.226 59 1 9 17 25 34 26 18 10 11 19 27 35 37 29 21 13
1 3 194.302 57 1 7 15 23 31 39 74 67 40 32 24 16 8
1 4 54.1421 48 1 5 3 2 1
2 1 181.701 55 2 44 52 60 68 76 360 78 70 62 54 46
2 2 289.127 58 2 55 63 71 79 80 118 72 64 56 53 61 69 77 59 51
2 3 161.701 53 2 42 50 58 66 73 65 57 49 41
2 4 54.1421 48 2 43 45 48 47
3 1 176.569 54 3 93 101 109 117 115 107 99 91 83 82
3 2 248.22 60 3 96 104 112 120 103 111 119 110 102 94 86 84
3 3 261.899 59 3 81 90 98 106 114 89 97 105 113 158 75 116 108 100 92
3 4 54.1421 44 3 87 95 88 85
4 1 190.711 56 4 123 131 139 147 155 200 199 154 146 138 130 122
4 2 267.315 58 4 129 137 145 156 148 140 132 134 142 150 159 151 143 135
4 3 170.711 54 4 128 136 144 152 160 157 149 141 133 125
4 4 54.1421 48 4 121 124 126 127
5 1 290.226 59 5 170 178 186 194 195 187 179 171 173 181 189 197 192 184 176
5 2 172.781 53 5 167 175 183 191 153 190 182 174 166
5 3 174.562 54 5 164 172 180 188 235 193 185 177 169 161
5 4 54.1421 48 5 162 163 165 168
6 1 147.8 53 6 207 215 223 231 239 230 222 214 206
6 2 190.711 56 6 201 209 217 225 233 275 277 236 228 220 212 204
6 3 147.8 53 6 203 211 219 227 234 226 218 210 202
6 4 190.711 56 6 208 216 224 232 240 198 196 237 229 221 213 205
7 1 290.226 59 7 252 260 268 276 273 265 257 249 250 258 266 274 267 259 251
7 2 269.985 57 7 254 262 270 271 263 255 256 264 272 280 269 261 253
7 3 48.2843 36 7 241 244 246
7 4 60 60 7 247 248 245 243 242
8 1 190.711 56 8 281 289 297 305 313 278 279 314 306 298 290 282
8 2 195.843 56 8 285 293 301 309 317 33 238 315 307 299 291 283
8 3 282.531 57 8 292 300 308 316 318 310 302 294 319 311 303 295 304 296
8 4 54.1421 48 8 288 287 286 284
9 1 290.226 59 9 329 337 345 353 354 346 338 330 331 339 347 357 349 341 333
9 2 290.226 59 9 336 344 352 359 351 343 335 334 342 350 358 356 348 340 332
9 3 60 60 9 322 321 324 326 327
9 4 48.2843 36 9 323 325 328
